5 0.14375 0.26796875 0.09375 0.28828125
5 0.2546875 0.21328125 0.1109375 0.159375
5 0.3640625 0.23515625 0.0953125 0.1453125
5 0.4828125 0.296875 0.10546875 0.24921875
5 0.5890625 0.29921875 0.09765625 0.24609375
3 0.48359375 0.62734375 0.08671875 0.03515625
5 0.48359375 0.75078125 0.084375 0.17265625
5 0.571875 0.7734375 0.03984375 0.20625
5 0.61953125 0.81640625 0.053125 0.2546875
5 0.375 0.77265625 0.0796875 0.19765625
5 0.27578125 0.78671875 0.0953125 0.19296875
3 0.1453125 0.6625 0.10859375 0.03984375
3 0.13984375 0.7203125 0.11015625 0.0453125
3 0.146875 0.80390625 0.115625 0.0734375
3 0.1453125 0.89609375 0.115625 0.06171875
2 0.70078125 0.39296875 0.115625 0.278125